-89.910326
-89.794157
-89.677304
-89.560296
-89.443229
-89.326134
-89.209022
-89.091901
-88.974774
-88.857642
-88.740506
-88.623369
-88.506229
-88.389088
-88.271946
-88.154803
-88.037660
-87.920515
-87.803370
-87.686225
-87.569079
-87.451933
-87.334787
-87.217640
-87.100493
-86.983346
-86.866199
-86.749052
-86.631904
-86.514757
-86.397609
-86.280461
-86.163313
-86.046165
-85.929017
-85.811869
-85.694721
-85.577572
-85.460424
-85.343275
-85.226127
-85.108979
-84.991830
-84.874681
-84.757533
-84.640384
-84.523236
-84.406087
-84.288938
-84.171789
-84.054641
-83.937492
-83.820343
-83.703194
-83.586045
-83.468896
-83.351747
-83.234599
-83.117450
-83.000301
-82.883152
-82.766003
-82.648854
-82.531705
-82.414556
-82.297407
-82.180258
-82.063109
-81.945960
-81.828811
-81.711662
-81.594512
-81.477363
-81.360214
-81.243065
-81.125916
-81.008767
-80.891618
-80.774469
-80.657320
-80.540171
-80.423021
-80.305872
-80.188723
-80.071574
-79.954425
-79.837276
-79.720126
-79.602977
-79.485828
-79.368679
-79.251530
-79.134381
-79.017231
-78.900082
-78.782933
-78.665784
-78.548635
-78.431485
-78.314336
-78.197187
-78.080038
-77.962888
-77.845739
-77.728590
-77.611441
-77.494292
-77.377142
-77.259993
-77.142844
-77.025695
-76.908545
-76.791396
-76.674247
-76.557098
-76.439948
-76.322799
-76.205650
-76.088501
-75.971351
-75.854202
-75.737053
-75.619904
-75.502754
-75.385605
-75.268456
-75.151306
-75.034157
-74.917008
-74.799859
-74.682709
-74.565560
-74.448411
-74.331262
-74.214112
-74.096963
-73.979814
-73.862664
-73.745515
-73.628366
-73.511217
-73.394067
-73.276918
-73.159769
-73.042619
-72.925470
-72.808321
-72.691172
-72.574022
-72.456873
-72.339724
-72.222574
-72.105425
-71.988276
-71.871126
-71.753977
-71.636828
-71.519679
-71.402529
-71.285380
-71.168231
-71.051081
-70.933932
-70.816783
-70.699633
-70.582484
-70.465335
-70.348185
-70.231036
-70.113887
-69.996738
-69.879588
-69.762439
-69.645290
-69.528140
-69.410991
-69.293842
-69.176692
-69.059543
-68.942394
-68.825244
-68.708095
-68.590946
-68.473796
-68.356647
-68.239498
-68.122348
-68.005199
-67.888050
-67.770900
-67.653751
-67.536602
-67.419453
-67.302303
-67.185154
-67.068005
-66.950855
-66.833706
-66.716557
-66.599407
-66.482258
-66.365109
-66.247959
-66.130810
-66.013661
-65.896511
-65.779362
-65.662213
-65.545063
-65.427914
-65.310765
-65.193615
-65.076466
-64.959317
-64.842167
-64.725018
-64.607869
-64.490719
-64.373570
-64.256421
-64.139271
-64.022122
-63.904973
-63.787823
-63.670674
-63.553525
-63.436375
-63.319226
-63.202077
-63.084927
-62.967778
-62.850629
-62.733479
-62.616330
-62.499181
-62.382031
-62.264882
-62.147733
-62.030583
-61.913434
-61.796285
-61.679135
-61.561986
-61.444837
-61.327687
-61.210538
-61.093389
-60.976239
-60.859090
-60.741941
-60.624791
-60.507642
-60.390493
-60.273343
-60.156194
-60.039045
-59.921895
-59.804746
-59.687597
-59.570447
-59.453298
-59.336148
-59.218999
-59.101850
-58.984700
-58.867551
-58.750402
-58.633252
-58.516103
-58.398954
-58.281804
-58.164655
-58.047506
-57.930356
-57.813207
-57.696058
-57.578908
-57.461759
-57.344610
-57.227460
-57.110311
-56.993162
-56.876012
-56.758863
-56.641714
-56.524564
-56.407415
-56.290266
-56.173116
-56.055967
-55.938818
-55.821668
-55.704519
-55.587369
-55.470220
-55.353071
-55.235921
-55.118772
-55.001623
-54.884473
-54.767324
-54.650175
-54.533025
-54.415876
-54.298727
-54.181577
-54.064428
-53.947279
-53.830129
-53.712980
-53.595831
-53.478681
-53.361532
-53.244383
-53.127233
-53.010084
-52.892934
-52.775785
-52.658636
-52.541486
-52.424337
-52.307188
-52.190038
-52.072889
-51.955740
-51.838590
-51.721441
-51.604292
-51.487142
-51.369993
-51.252844
-51.135694
-51.018545
-50.901396
-50.784246
-50.667097
-50.549948
-50.432798
-50.315649
-50.198499
-50.081350
-49.964201
-49.847051
-49.729902
-49.612753
-49.495603
-49.378454
-49.261305
-49.144155
-49.027006
-48.909857
-48.792707
-48.675558
-48.558409
-48.441259
-48.324110
-48.206960
-48.089811
-47.972662
-47.855512
-47.738363
-47.621214
-47.504064
-47.386915
-47.269766
-47.152616
-47.035467
-46.918318
-46.801168
-46.684019
-46.566870
-46.449720
-46.332571
-46.215422
-46.098272
-45.981123
-45.863973
-45.746824
-45.629675
-45.512525
-45.395376
-45.278227
-45.161077
-45.043928
-44.926779
-44.809629
-44.692480
-44.575331
-44.458181
-44.341032
-44.223883
-44.106733
-43.989584
-43.872434
-43.755285
-43.638136
-43.520986
-43.403837
-43.286688
-43.169538
-43.052389
-42.935240
-42.818090
-42.700941
-42.583792
-42.466642
-42.349493
-42.232343
-42.115194
-41.998045
-41.880895
-41.763746
-41.646597
-41.529447
-41.412298
-41.295149
-41.177999
-41.060850
-40.943701
-40.826551
-40.709402
-40.592253
-40.475103
-40.357954
-40.240804
-40.123655
-40.006506
-39.889356
-39.772207
-39.655058
-39.537908
-39.420759
-39.303610
-39.186460
-39.069311
-38.952162
-38.835012
-38.717863
-38.600713
-38.483564
-38.366415
-38.249265
-38.132116
-38.014967
-37.897817
-37.780668
-37.663519
-37.546369
-37.429220
-37.312071
-37.194921
-37.077772
-36.960623
-36.843473
-36.726324
-36.609174
-36.492025
-36.374876
-36.257726
-36.140577
-36.023428
-35.906278
-35.789129
-35.671980
-35.554830
-35.437681
-35.320532
-35.203382
-35.086233
-34.969083
-34.851934
-34.734785
-34.617635
-34.500486
-34.383337
-34.266187
-34.149038
-34.031889
-33.914739
-33.797590
-33.680441
-33.563291
-33.446142
-33.328992
-33.211843
-33.094694
-32.977544
-32.860395
-32.743246
-32.626096
-32.508947
-32.391798
-32.274648
-32.157499
-32.040350
-31.923200
-31.806051
-31.688901
-31.571752
-31.454603
-31.337453
-31.220304
-31.103155
-30.986005
-30.868856
-30.751707
-30.634557
-30.517408
-30.400259
-30.283109
-30.165960
-30.048810
-29.931661
-29.814512
-29.697362
-29.580213
-29.463064
-29.345914
-29.228765
-29.111616
-28.994466
-28.877317
-28.760168
-28.643018
-28.525869
-28.408719
-28.291570
-28.174421
-28.057271
-27.940122
-27.822973
-27.705823
-27.588674
-27.471525
-27.354375
-27.237226
-27.120077
-27.002927
-26.885778
-26.768628
-26.651479
-26.534330
-26.417180
-26.300031
-26.182882
-26.065732
-25.948583
-25.831434
-25.714284
-25.597135
-25.479986
-25.362836
-25.245687
-25.128537
-25.011388
-24.894239
-24.777089
-24.659940
-24.542791
-24.425641
-24.308492
-24.191343
-24.074193
-23.957044
-23.839895
-23.722745
-23.605596
-23.488446
-23.371297
-23.254148
-23.136998
-23.019849
-22.902700
-22.785550
-22.668401
-22.551252
-22.434102
-22.316953
-22.199804
-22.082654
-21.965505
-21.848355
-21.731206
-21.614057
-21.496907
-21.379758
-21.262609
-21.145459
-21.028310
-20.911161
-20.794011
-20.676862
-20.559712
-20.442563
-20.325414
-20.208264
-20.091115
-19.973966
-19.856816
-19.739667
-19.622518
-19.505368
-19.388219
-19.271070
-19.153920
-19.036771
-18.919621
-18.802472
-18.685323
-18.568173
-18.451024
-18.333875
-18.216725
-18.099576
-17.982427
-17.865277
-17.748128
-17.630979
-17.513829
-17.396680
-17.279530
-17.162381
-17.045232
-16.928082
-16.810933
-16.693784
-16.576634
-16.459485
-16.342336
-16.225186
-16.108037
-15.990888
-15.873738
-15.756589
-15.639439
-15.522290
-15.405141
-15.287991
-15.170842
-15.053693
-14.936543
-14.819394
-14.702245
-14.585095
-14.467946
-14.350796
-14.233647
-14.116498
-13.999348
-13.882199
-13.765050
-13.647900
-13.530751
-13.413602
-13.296452
-13.179303
-13.062154
-12.945004
-12.827855
-12.710705
-12.593556
-12.476407
-12.359257
-12.242108
-12.124959
-12.007809
-11.890660
-11.773511
-11.656361
-11.539212
-11.422063
-11.304913
-11.187764
-11.070614
-10.953465
-10.836316
-10.719166
-10.602017
-10.484868
-10.367718
-10.250569
-10.133420
-10.016270
-9.899121
-9.781971
-9.664822
-9.547673
-9.430523
-9.313374
-9.196225
-9.079075
-8.961926
-8.844777
-8.727627
-8.610478
-8.493329
-8.376179
-8.259030
-8.141880
-8.024731
-7.907582
-7.790432
-7.673283
-7.556134
-7.438984
-7.321835
-7.204686
-7.087536
-6.970387
-6.853238
-6.736088
-6.618939
-6.501789
-6.384640
-6.267491
-6.150341
-6.033192
-5.916043
-5.798893
-5.681744
-5.564595
-5.447445
-5.330296
-5.213146
-5.095997
-4.978848
-4.861698
-4.744549
-4.627400
-4.510250
-4.393101
-4.275952
-4.158802
-4.041653
-3.924504
-3.807354
-3.690205
-3.573055
-3.455906
-3.338757
-3.221607
-3.104458
-2.987309
-2.870159
-2.753010
-2.635861
-2.518711
-2.401562
-2.284413
-2.167263
-2.050114
-1.932964
-1.815815
-1.698666
-1.581516
-1.464367
-1.347218
-1.230068
-1.112919
-0.995770
-0.878620
-0.761471
-0.644321
-0.527172
-0.410023
-0.292873
-0.175724
-0.058575
0.058575
0.175724
0.292873
0.410023
0.527172
0.644321
0.761471
0.878620
0.995770
1.112919
1.230068
1.347218
1.464367
1.581516
1.698666
1.815815
1.932964
2.050114
2.167263
2.284413
2.401562
2.518711
2.635861
2.753010
2.870159
2.987309
3.104458
3.221607
3.338757
3.455906
3.573055
3.690205
3.807354
3.924504
4.041653
4.158802
4.275952
4.393101
4.510250
4.627400
4.744549
4.861698
4.978848
5.095997
5.213146
5.330296
5.447445
5.564595
5.681744
5.798893
5.916043
6.033192
6.150341
6.267491
6.384640
6.501789
6.618939
6.736088
6.853238
6.970387
7.087536
7.204686
7.321835
7.438984
7.556134
7.673283
7.790432
7.907582
8.024731
8.141880
8.259030
8.376179
8.493329
8.610478
8.727627
8.844777
8.961926
9.079075
9.196225
9.313374
9.430523
9.547673
9.664822
9.781971
9.899121
10.016270
10.133420
10.250569
10.367718
10.484868
10.602017
10.719166
10.836316
10.953465
11.070614
11.187764
11.304913
11.422063
11.539212
11.656361
11.773511
11.890660
12.007809
12.124959
12.242108
12.359257
12.476407
12.593556
12.710705
12.827855
12.945004
13.062154
13.179303
13.296452
13.413602
13.530751
13.647900
13.765050
13.882199
13.999348
14.116498
14.233647
14.350796
14.467946
14.585095
14.702245
14.819394
14.936543
15.053693
15.170842
15.287991
15.405141
15.522290
15.639439
15.756589
15.873738
15.990888
16.108037
16.225186
16.342336
16.459485
16.576634
16.693784
16.810933
16.928082
17.045232
17.162381
17.279530
17.396680
17.513829
17.630979
17.748128
17.865277
17.982427
18.099576
18.216725
18.333875
18.451024
18.568173
18.685323
18.802472
18.919621
19.036771
19.153920
19.271070
19.388219
19.505368
19.622518
19.739667
19.856816
19.973966
20.091115
20.208264
20.325414
20.442563
20.559712
20.676862
20.794011
20.911161
21.028310
21.145459
21.262609
21.379758
21.496907
21.614057
21.731206
21.848355
21.965505
22.082654
22.199804
22.316953
22.434102
22.551252
22.668401
22.785550
22.902700
23.019849
23.136998
23.254148
23.371297
23.488446
23.605596
23.722745
23.839895
23.957044
24.074193
24.191343
24.308492
24.425641
24.542791
24.659940
24.777089
24.894239
25.011388
25.128537
25.245687
25.362836
25.479986
25.597135
25.714284
25.831434
25.948583
26.065732
26.182882
26.300031
26.417180
26.534330
26.651479
26.768628
26.885778
27.002927
27.120077
27.237226
27.354375
27.471525
27.588674
27.705823
27.822973
27.940122
28.057271
28.174421
28.291570
28.408719
28.525869
28.643018
28.760168
28.877317
28.994466
29.111616
29.228765
29.345914
29.463064
29.580213
29.697362
29.814512
29.931661
30.048810
30.165960
30.283109
30.400259
30.517408
30.634557
30.751707
30.868856
30.986005
31.103155
31.220304
31.337453
31.454603
31.571752
31.688901
31.806051
31.923200
32.040350
32.157499
32.274648
32.391798
32.508947
32.626096
32.743246
32.860395
32.977544
33.094694
33.211843
33.328992
33.446142
33.563291
33.680441
33.797590
33.914739
34.031889
34.149038
34.266187
34.383337
34.500486
34.617635
34.734785
34.851934
34.969083
35.086233
35.203382
35.320532
35.437681
35.554830
35.671980
35.789129
35.906278
36.023428
36.140577
36.257726
36.374876
36.492025
36.609174
36.726324
36.843473
36.960623
37.077772
37.194921
37.312071
37.429220
37.546369
37.663519
37.780668
37.897817
38.014967
38.132116
38.249265
38.366415
38.483564
38.600713
38.717863
38.835012
38.952162
39.069311
39.186460
39.303610
39.420759
39.537908
39.655058
39.772207
39.889356
40.006506
40.123655
40.240804
40.357954
40.475103
40.592253
40.709402
40.826551
40.943701
41.060850
41.177999
41.295149
41.412298
41.529447
41.646597
41.763746
41.880895
41.998045
42.115194
42.232343
42.349493
42.466642
42.583792
42.700941
42.818090
42.935240
43.052389
43.169538
43.286688
43.403837
43.520986
43.638136
43.755285
43.872434
43.989584
44.106733
44.223883
44.341032
44.458181
44.575331
44.692480
44.809629
44.926779
45.043928
45.161077
45.278227
45.395376
45.512525
45.629675
45.746824
45.863973
45.981123
46.098272
46.215422
46.332571
46.449720
46.566870
46.684019
46.801168
46.918318
47.035467
47.152616
47.269766
47.386915
47.504064
47.621214
47.738363
47.855512
47.972662
48.089811
48.206960
48.324110
48.441259
48.558409
48.675558
48.792707
48.909857
49.027006
49.144155
49.261305
49.378454
49.495603
49.612753
49.729902
49.847051
49.964201
50.081350
50.198499
50.315649
50.432798
50.549948
50.667097
50.784246
50.901396
51.018545
51.135694
51.252844
51.369993
51.487142
51.604292
51.721441
51.838590
51.955740
52.072889
52.190038
52.307188
52.424337
52.541486
52.658636
52.775785
52.892934
53.010084
53.127233
53.244383
53.361532
53.478681
53.595831
53.712980
53.830129
53.947279
54.064428
54.181577
54.298727
54.415876
54.533025
54.650175
54.767324
54.884473
55.001623
55.118772
55.235921
55.353071
55.470220
55.587369
55.704519
55.821668
55.938818
56.055967
56.173116
56.290266
56.407415
56.524564
56.641714
56.758863
56.876012
56.993162
57.110311
57.227460
57.344610
57.461759
57.578908
57.696058
57.813207
57.930356
58.047506
58.164655
58.281804
58.398954
58.516103
58.633252
58.750402
58.867551
58.984700
59.101850
59.218999
59.336148
59.453298
59.570447
59.687597
59.804746
59.921895
60.039045
60.156194
60.273343
60.390493
60.507642
60.624791
60.741941
60.859090
60.976239
61.093389
61.210538
61.327687
61.444837
61.561986
61.679135
61.796285
61.913434
62.030583
62.147733
62.264882
62.382031
62.499181
62.616330
62.733479
62.850629
62.967778
63.084927
63.202077
63.319226
63.436375
63.553525
63.670674
63.787823
63.904973
64.022122
64.139271
64.256421
64.373570
64.490719
64.607869
64.725018
64.842167
64.959317
65.076466
65.193615
65.310765
65.427914
65.545063
65.662213
65.779362
65.896511
66.013661
66.130810
66.247959
66.365109
66.482258
66.599407
66.716557
66.833706
66.950855
67.068005
67.185154
67.302303
67.419453
67.536602
67.653751
67.770900
67.888050
68.005199
68.122348
68.239498
68.356647
68.473796
68.590946
68.708095
68.825244
68.942394
69.059543
69.176692
69.293842
69.410991
69.528140
69.645290
69.762439
69.879588
69.996738
70.113887
70.231036
70.348185
70.465335
70.582484
70.699633
70.816783
70.933932
71.051081
71.168231
71.285380
71.402529
71.519679
71.636828
71.753977
71.871126
71.988276
72.105425
72.222574
72.339724
72.456873
72.574022
72.691172
72.808321
72.925470
73.042619
73.159769
73.276918
73.394067
73.511217
73.628366
73.745515
73.862664
73.979814
74.096963
74.214112
74.331262
74.448411
74.565560
74.682709
74.799859
74.917008
75.034157
75.151306
75.268456
75.385605
75.502754
75.619904
75.737053
75.854202
75.971351
76.088501
76.205650
76.322799
76.439948
76.557098
76.674247
76.791396
76.908545
77.025695
77.142844
77.259993
77.377142
77.494292
77.611441
77.728590
77.845739
77.962888
78.080038
78.197187
78.314336
78.431485
78.548635
78.665784
78.782933
78.900082
79.017231
79.134381
79.251530
79.368679
79.485828
79.602977
79.720126
79.837276
79.954425
80.071574
80.188723
80.305872
80.423021
80.540171
80.657320
80.774469
80.891618
81.008767
81.125916
81.243065
81.360214
81.477363
81.594512
81.711662
81.828811
81.945960
82.063109
82.180258
82.297407
82.414556
82.531705
82.648854
82.766003
82.883152
83.000301
83.117450
83.234599
83.351747
83.468896
83.586045
83.703194
83.820343
83.937492
84.054641
84.171789
84.288938
84.406087
84.523236
84.640384
84.757533
84.874681
84.991830
85.108979
85.226127
85.343275
85.460424
85.577572
85.694721
85.811869
85.929017
86.046165
86.163313
86.280461
86.397609
86.514757
86.631904
86.749052
86.866199
86.983346
87.100493
87.217640
87.334787
87.451933
87.569079
87.686225
87.803370
87.920515
88.037660
88.154803
88.271946
88.389088
88.506229
88.623369
88.740506
88.857642
88.974774
89.091901
89.209022
89.326134
89.443229
89.560296
89.677304
89.794157
89.910326
