0.000000
0.117188
0.234375
0.351563
0.468750
0.585938
0.703125
0.820313
0.937500
1.054688
1.171875
1.289063
1.406250
1.523438
1.640625
1.757813
1.875000
1.992188
2.109375
2.226563
2.343750
2.460938
2.578125
2.695313
2.812500
2.929688
3.046875
3.164063
3.281250
3.398438
3.515625
3.632813
3.750000
3.867188
3.984375
4.101563
4.218750
4.335938
4.453125
4.570313
4.687500
4.804688
4.921875
5.039063
5.156250
5.273438
5.390625
5.507813
5.625000
5.742188
5.859375
5.976563
6.093750
6.210938
6.328125
6.445313
6.562500
6.679688
6.796875
6.914063
7.031250
7.148438
7.265625
7.382813
7.500000
7.617188
7.734375
7.851563
7.968750
8.085938
8.203125
8.320313
8.437500
8.554688
8.671875
8.789063
8.906250
9.023438
9.140625
9.257813
9.375000
9.492188
9.609375
9.726563
9.843750
9.960938
10.078125
10.195313
10.312500
10.429688
10.546875
10.664063
10.781250
10.898438
11.015625
11.132813
11.250000
11.367188
11.484375
11.601563
11.718750
11.835938
11.953125
12.070313
12.187500
12.304688
12.421875
12.539063
12.656250
12.773438
12.890625
13.007813
13.125000
13.242188
13.359375
13.476563
13.593750
13.710938
13.828125
13.945313
14.062500
14.179688
14.296875
14.414063
14.531250
14.648438
14.765625
14.882813
15.000000
15.117188
15.234375
15.351563
15.468750
15.585938
15.703125
15.820313
15.937500
16.054688
16.171875
16.289063
16.406250
16.523438
16.640625
16.757813
16.875000
16.992188
17.109375
17.226563
17.343750
17.460938
17.578125
17.695313
17.812500
17.929688
18.046875
18.164063
18.281250
18.398438
18.515625
18.632813
18.750000
18.867188
18.984375
19.101563
19.218750
19.335938
19.453125
19.570313
19.687500
19.804688
19.921875
20.039063
20.156250
20.273438
20.390625
20.507813
20.625000
20.742188
20.859375
20.976563
21.093750
21.210938
21.328125
21.445313
21.562500
21.679688
21.796875
21.914063
22.031250
22.148438
22.265625
22.382813
22.500000
22.617188
22.734375
22.851563
22.968750
23.085938
23.203125
23.320313
23.437500
23.554688
23.671875
23.789063
23.906250
24.023438
24.140625
24.257813
24.375000
24.492188
24.609375
24.726563
24.843750
24.960938
25.078125
25.195313
25.312500
25.429688
25.546875
25.664063
25.781250
25.898438
26.015625
26.132813
26.250000
26.367188
26.484375
26.601563
26.718750
26.835938
26.953125
27.070313
27.187500
27.304688
27.421875
27.539063
27.656250
27.773438
27.890625
28.007813
28.125000
28.242188
28.359375
28.476563
28.593750
28.710938
28.828125
28.945313
29.062500
29.179688
29.296875
29.414063
29.531250
29.648438
29.765625
29.882813
30.000000
30.117188
30.234375
30.351563
30.468750
30.585938
30.703125
30.820313
30.937500
31.054688
31.171875
31.289063
31.406250
31.523438
31.640625
31.757813
31.875000
31.992188
32.109375
32.226563
32.343750
32.460938
32.578125
32.695313
32.812500
32.929688
33.046875
33.164063
33.281250
33.398438
33.515625
33.632813
33.750000
33.867188
33.984375
34.101563
34.218750
34.335938
34.453125
34.570313
34.687500
34.804688
34.921875
35.039063
35.156250
35.273438
35.390625
35.507813
35.625000
35.742188
35.859375
35.976563
36.093750
36.210938
36.328125
36.445313
36.562500
36.679688
36.796875
36.914063
37.031250
37.148438
37.265625
37.382813
37.500000
37.617188
37.734375
37.851563
37.968750
38.085938
38.203125
38.320313
38.437500
38.554688
38.671875
38.789063
38.906250
39.023438
39.140625
39.257813
39.375000
39.492188
39.609375
39.726563
39.843750
39.960938
40.078125
40.195313
40.312500
40.429688
40.546875
40.664063
40.781250
40.898438
41.015625
41.132813
41.250000
41.367188
41.484375
41.601563
41.718750
41.835938
41.953125
42.070313
42.187500
42.304688
42.421875
42.539063
42.656250
42.773438
42.890625
43.007813
43.125000
43.242188
43.359375
43.476563
43.593750
43.710938
43.828125
43.945313
44.062500
44.179688
44.296875
44.414063
44.531250
44.648438
44.765625
44.882813
45.000000
45.117188
45.234375
45.351563
45.468750
45.585938
45.703125
45.820313
45.937500
46.054688
46.171875
46.289063
46.406250
46.523438
46.640625
46.757813
46.875000
46.992188
47.109375
47.226563
47.343750
47.460938
47.578125
47.695313
47.812500
47.929688
48.046875
48.164063
48.281250
48.398438
48.515625
48.632813
48.750000
48.867188
48.984375
49.101563
49.218750
49.335938
49.453125
49.570313
49.687500
49.804688
49.921875
50.039063
50.156250
50.273438
50.390625
50.507813
50.625000
50.742188
50.859375
50.976563
51.093750
51.210938
51.328125
51.445313
51.562500
51.679688
51.796875
51.914063
52.031250
52.148438
52.265625
52.382813
52.500000
52.617188
52.734375
52.851563
52.968750
53.085938
53.203125
53.320313
53.437500
53.554688
53.671875
53.789063
53.906250
54.023438
54.140625
54.257813
54.375000
54.492188
54.609375
54.726563
54.843750
54.960938
55.078125
55.195313
55.312500
55.429688
55.546875
55.664063
55.781250
55.898438
56.015625
56.132813
56.250000
56.367188
56.484375
56.601563
56.718750
56.835938
56.953125
57.070313
57.187500
57.304688
57.421875
57.539063
57.656250
57.773438
57.890625
58.007813
58.125000
58.242188
58.359375
58.476563
58.593750
58.710938
58.828125
58.945313
59.062500
59.179688
59.296875
59.414063
59.531250
59.648438
59.765625
59.882813
60.000000
60.117188
60.234375
60.351563
60.468750
60.585938
60.703125
60.820313
60.937500
61.054688
61.171875
61.289063
61.406250
61.523438
61.640625
61.757813
61.875000
61.992188
62.109375
62.226563
62.343750
62.460938
62.578125
62.695313
62.812500
62.929688
63.046875
63.164063
63.281250
63.398438
63.515625
63.632813
63.750000
63.867188
63.984375
64.101563
64.218750
64.335938
64.453125
64.570313
64.687500
64.804688
64.921875
65.039063
65.156250
65.273438
65.390625
65.507813
65.625000
65.742188
65.859375
65.976563
66.093750
66.210938
66.328125
66.445313
66.562500
66.679688
66.796875
66.914063
67.031250
67.148438
67.265625
67.382813
67.500000
67.617188
67.734375
67.851563
67.968750
68.085938
68.203125
68.320313
68.437500
68.554688
68.671875
68.789063
68.906250
69.023438
69.140625
69.257813
69.375000
69.492188
69.609375
69.726563
69.843750
69.960938
70.078125
70.195313
70.312500
70.429688
70.546875
70.664063
70.781250
70.898438
71.015625
71.132813
71.250000
71.367188
71.484375
71.601563
71.718750
71.835938
71.953125
72.070313
72.187500
72.304688
72.421875
72.539063
72.656250
72.773438
72.890625
73.007813
73.125000
73.242188
73.359375
73.476563
73.593750
73.710938
73.828125
73.945313
74.062500
74.179688
74.296875
74.414063
74.531250
74.648438
74.765625
74.882813
75.000000
75.117188
75.234375
75.351563
75.468750
75.585938
75.703125
75.820313
75.937500
76.054688
76.171875
76.289063
76.406250
76.523438
76.640625
76.757813
76.875000
76.992188
77.109375
77.226563
77.343750
77.460938
77.578125
77.695313
77.812500
77.929688
78.046875
78.164063
78.281250
78.398438
78.515625
78.632813
78.750000
78.867188
78.984375
79.101563
79.218750
79.335938
79.453125
79.570313
79.687500
79.804688
79.921875
80.039063
80.156250
80.273438
80.390625
80.507813
80.625000
80.742188
80.859375
80.976563
81.093750
81.210938
81.328125
81.445313
81.562500
81.679688
81.796875
81.914063
82.031250
82.148438
82.265625
82.382813
82.500000
82.617188
82.734375
82.851563
82.968750
83.085938
83.203125
83.320313
83.437500
83.554688
83.671875
83.789063
83.906250
84.023438
84.140625
84.257813
84.375000
84.492188
84.609375
84.726563
84.843750
84.960938
85.078125
85.195313
85.312500
85.429688
85.546875
85.664063
85.781250
85.898438
86.015625
86.132813
86.250000
86.367188
86.484375
86.601563
86.718750
86.835938
86.953125
87.070313
87.187500
87.304688
87.421875
87.539063
87.656250
87.773438
87.890625
88.007813
88.125000
88.242188
88.359375
88.476563
88.593750
88.710938
88.828125
88.945313
89.062500
89.179688
89.296875
89.414063
89.531250
89.648438
89.765625
89.882813
90.000000
90.117188
90.234375
90.351563
90.468750
90.585938
90.703125
90.820313
90.937500
91.054688
91.171875
91.289063
91.406250
91.523438
91.640625
91.757813
91.875000
91.992188
92.109375
92.226563
92.343750
92.460938
92.578125
92.695313
92.812500
92.929688
93.046875
93.164063
93.281250
93.398438
93.515625
93.632813
93.750000
93.867188
93.984375
94.101563
94.218750
94.335938
94.453125
94.570313
94.687500
94.804688
94.921875
95.039063
95.156250
95.273438
95.390625
95.507813
95.625000
95.742188
95.859375
95.976563
96.093750
96.210938
96.328125
96.445313
96.562500
96.679688
96.796875
96.914063
97.031250
97.148438
97.265625
97.382813
97.500000
97.617188
97.734375
97.851563
97.968750
98.085938
98.203125
98.320313
98.437500
98.554688
98.671875
98.789063
98.906250
99.023438
99.140625
99.257813
99.375000
99.492188
99.609375
99.726563
99.843750
99.960938
100.078125
100.195313
100.312500
100.429688
100.546875
100.664063
100.781250
100.898438
101.015625
101.132813
101.250000
101.367188
101.484375
101.601563
101.718750
101.835938
101.953125
102.070313
102.187500
102.304688
102.421875
102.539063
102.656250
102.773438
102.890625
103.007813
103.125000
103.242188
103.359375
103.476563
103.593750
103.710938
103.828125
103.945313
104.062500
104.179688
104.296875
104.414063
104.531250
104.648438
104.765625
104.882813
105.000000
105.117188
105.234375
105.351563
105.468750
105.585938
105.703125
105.820313
105.937500
106.054688
106.171875
106.289063
106.406250
106.523438
106.640625
106.757813
106.875000
106.992188
107.109375
107.226563
107.343750
107.460938
107.578125
107.695313
107.812500
107.929688
108.046875
108.164063
108.281250
108.398438
108.515625
108.632813
108.750000
108.867188
108.984375
109.101563
109.218750
109.335938
109.453125
109.570313
109.687500
109.804688
109.921875
110.039063
110.156250
110.273438
110.390625
110.507813
110.625000
110.742188
110.859375
110.976563
111.093750
111.210938
111.328125
111.445313
111.562500
111.679688
111.796875
111.914063
112.031250
112.148438
112.265625
112.382813
112.500000
112.617188
112.734375
112.851563
112.968750
113.085938
113.203125
113.320313
113.437500
113.554688
113.671875
113.789063
113.906250
114.023438
114.140625
114.257813
114.375000
114.492188
114.609375
114.726563
114.843750
114.960938
115.078125
115.195313
115.312500
115.429688
115.546875
115.664063
115.781250
115.898438
116.015625
116.132813
116.250000
116.367188
116.484375
116.601563
116.718750
116.835938
116.953125
117.070313
117.187500
117.304688
117.421875
117.539063
117.656250
117.773438
117.890625
118.007813
118.125000
118.242188
118.359375
118.476563
118.593750
118.710938
118.828125
118.945313
119.062500
119.179688
119.296875
119.414063
119.531250
119.648438
119.765625
119.882813
120.000000
120.117188
120.234375
120.351563
120.468750
120.585938
120.703125
120.820313
120.937500
121.054688
121.171875
121.289063
121.406250
121.523438
121.640625
121.757813
121.875000
121.992188
122.109375
122.226563
122.343750
122.460938
122.578125
122.695313
122.812500
122.929688
123.046875
123.164063
123.281250
123.398438
123.515625
123.632813
123.750000
123.867188
123.984375
124.101563
124.218750
124.335938
124.453125
124.570313
124.687500
124.804688
124.921875
125.039063
125.156250
125.273438
125.390625
125.507813
125.625000
125.742188
125.859375
125.976563
126.093750
126.210938
126.328125
126.445313
126.562500
126.679688
126.796875
126.914063
127.031250
127.148438
127.265625
127.382813
127.500000
127.617188
127.734375
127.851563
127.968750
128.085938
128.203125
128.320313
128.437500
128.554688
128.671875
128.789063
128.906250
129.023438
129.140625
129.257813
129.375000
129.492188
129.609375
129.726563
129.843750
129.960938
130.078125
130.195313
130.312500
130.429688
130.546875
130.664063
130.781250
130.898438
131.015625
131.132813
131.250000
131.367188
131.484375
131.601563
131.718750
131.835938
131.953125
132.070313
132.187500
132.304688
132.421875
132.539063
132.656250
132.773438
132.890625
133.007813
133.125000
133.242188
133.359375
133.476563
133.593750
133.710938
133.828125
133.945313
134.062500
134.179688
134.296875
134.414063
134.531250
134.648438
134.765625
134.882813
135.000000
135.117188
135.234375
135.351563
135.468750
135.585938
135.703125
135.820313
135.937500
136.054688
136.171875
136.289063
136.406250
136.523438
136.640625
136.757813
136.875000
136.992188
137.109375
137.226563
137.343750
137.460938
137.578125
137.695313
137.812500
137.929688
138.046875
138.164063
138.281250
138.398438
138.515625
138.632813
138.750000
138.867188
138.984375
139.101563
139.218750
139.335938
139.453125
139.570313
139.687500
139.804688
139.921875
140.039063
140.156250
140.273438
140.390625
140.507813
140.625000
140.742188
140.859375
140.976563
141.093750
141.210938
141.328125
141.445313
141.562500
141.679688
141.796875
141.914063
142.031250
142.148438
142.265625
142.382813
142.500000
142.617188
142.734375
142.851563
142.968750
143.085938
143.203125
143.320313
143.437500
143.554688
143.671875
143.789063
143.906250
144.023438
144.140625
144.257813
144.375000
144.492188
144.609375
144.726563
144.843750
144.960938
145.078125
145.195313
145.312500
145.429688
145.546875
145.664063
145.781250
145.898438
146.015625
146.132813
146.250000
146.367188
146.484375
146.601563
146.718750
146.835938
146.953125
147.070313
147.187500
147.304688
147.421875
147.539063
147.656250
147.773438
147.890625
148.007813
148.125000
148.242188
148.359375
148.476563
148.593750
148.710938
148.828125
148.945313
149.062500
149.179688
149.296875
149.414063
149.531250
149.648438
149.765625
149.882813
150.000000
150.117188
150.234375
150.351563
150.468750
150.585938
150.703125
150.820313
150.937500
151.054688
151.171875
151.289063
151.406250
151.523438
151.640625
151.757813
151.875000
151.992188
152.109375
152.226563
152.343750
152.460938
152.578125
152.695313
152.812500
152.929688
153.046875
153.164063
153.281250
153.398438
153.515625
153.632813
153.750000
153.867188
153.984375
154.101563
154.218750
154.335938
154.453125
154.570313
154.687500
154.804688
154.921875
155.039063
155.156250
155.273438
155.390625
155.507813
155.625000
155.742188
155.859375
155.976563
156.093750
156.210938
156.328125
156.445313
156.562500
156.679688
156.796875
156.914063
157.031250
157.148438
157.265625
157.382813
157.500000
157.617188
157.734375
157.851563
157.968750
158.085938
158.203125
158.320313
158.437500
158.554688
158.671875
158.789063
158.906250
159.023438
159.140625
159.257813
159.375000
159.492188
159.609375
159.726563
159.843750
159.960938
160.078125
160.195313
160.312500
160.429688
160.546875
160.664063
160.781250
160.898438
161.015625
161.132813
161.250000
161.367188
161.484375
161.601563
161.718750
161.835938
161.953125
162.070313
162.187500
162.304688
162.421875
162.539063
162.656250
162.773438
162.890625
163.007813
163.125000
163.242188
163.359375
163.476563
163.593750
163.710938
163.828125
163.945313
164.062500
164.179688
164.296875
164.414063
164.531250
164.648438
164.765625
164.882813
165.000000
165.117188
165.234375
165.351563
165.468750
165.585938
165.703125
165.820313
165.937500
166.054688
166.171875
166.289063
166.406250
166.523438
166.640625
166.757813
166.875000
166.992188
167.109375
167.226563
167.343750
167.460938
167.578125
167.695313
167.812500
167.929688
168.046875
168.164063
168.281250
168.398438
168.515625
168.632813
168.750000
168.867188
168.984375
169.101563
169.218750
169.335938
169.453125
169.570313
169.687500
169.804688
169.921875
170.039063
170.156250
170.273438
170.390625
170.507813
170.625000
170.742188
170.859375
170.976563
171.093750
171.210938
171.328125
171.445313
171.562500
171.679688
171.796875
171.914063
172.031250
172.148438
172.265625
172.382813
172.500000
172.617188
172.734375
172.851563
172.968750
173.085938
173.203125
173.320313
173.437500
173.554688
173.671875
173.789063
173.906250
174.023438
174.140625
174.257813
174.375000
174.492188
174.609375
174.726563
174.843750
174.960938
175.078125
175.195313
175.312500
175.429688
175.546875
175.664063
175.781250
175.898438
176.015625
176.132813
176.250000
176.367188
176.484375
176.601563
176.718750
176.835938
176.953125
177.070313
177.187500
177.304688
177.421875
177.539063
177.656250
177.773438
177.890625
178.007813
178.125000
178.242188
178.359375
178.476563
178.593750
178.710938
178.828125
178.945313
179.062500
179.179688
179.296875
179.414063
179.531250
179.648438
179.765625
179.882813
180.000000
180.117188
180.234375
180.351563
180.468750
180.585938
180.703125
180.820313
180.937500
181.054688
181.171875
181.289063
181.406250
181.523438
181.640625
181.757813
181.875000
181.992188
182.109375
182.226563
182.343750
182.460938
182.578125
182.695313
182.812500
182.929688
183.046875
183.164063
183.281250
183.398438
183.515625
183.632813
183.750000
183.867188
183.984375
184.101563
184.218750
184.335938
184.453125
184.570313
184.687500
184.804688
184.921875
185.039063
185.156250
185.273438
185.390625
185.507813
185.625000
185.742188
185.859375
185.976563
186.093750
186.210938
186.328125
186.445313
186.562500
186.679688
186.796875
186.914063
187.031250
187.148438
187.265625
187.382813
187.500000
187.617188
187.734375
187.851563
187.968750
188.085938
188.203125
188.320313
188.437500
188.554688
188.671875
188.789063
188.906250
189.023438
189.140625
189.257813
189.375000
189.492188
189.609375
189.726563
189.843750
189.960938
190.078125
190.195313
190.312500
190.429688
190.546875
190.664063
190.781250
190.898438
191.015625
191.132813
191.250000
191.367188
191.484375
191.601563
191.718750
191.835938
191.953125
192.070313
192.187500
192.304688
192.421875
192.539063
192.656250
192.773438
192.890625
193.007813
193.125000
193.242188
193.359375
193.476563
193.593750
193.710938
193.828125
193.945313
194.062500
194.179688
194.296875
194.414063
194.531250
194.648438
194.765625
194.882813
195.000000
195.117188
195.234375
195.351563
195.468750
195.585938
195.703125
195.820313
195.937500
196.054688
196.171875
196.289063
196.406250
196.523438
196.640625
196.757813
196.875000
196.992188
197.109375
197.226563
197.343750
197.460938
197.578125
197.695313
197.812500
197.929688
198.046875
198.164063
198.281250
198.398438
198.515625
198.632813
198.750000
198.867188
198.984375
199.101563
199.218750
199.335938
199.453125
199.570313
199.687500
199.804688
199.921875
200.039063
200.156250
200.273438
200.390625
200.507813
200.625000
200.742188
200.859375
200.976563
201.093750
201.210938
201.328125
201.445313
201.562500
201.679688
201.796875
201.914063
202.031250
202.148438
202.265625
202.382813
202.500000
202.617188
202.734375
202.851563
202.968750
203.085938
203.203125
203.320313
203.437500
203.554688
203.671875
203.789063
203.906250
204.023438
204.140625
204.257813
204.375000
204.492188
204.609375
204.726563
204.843750
204.960938
205.078125
205.195313
205.312500
205.429688
205.546875
205.664063
205.781250
205.898438
206.015625
206.132813
206.250000
206.367188
206.484375
206.601563
206.718750
206.835938
206.953125
207.070313
207.187500
207.304688
207.421875
207.539063
207.656250
207.773438
207.890625
208.007813
208.125000
208.242188
208.359375
208.476563
208.593750
208.710938
208.828125
208.945313
209.062500
209.179688
209.296875
209.414063
209.531250
209.648438
209.765625
209.882813
210.000000
210.117188
210.234375
210.351563
210.468750
210.585938
210.703125
210.820313
210.937500
211.054688
211.171875
211.289063
211.406250
211.523438
211.640625
211.757813
211.875000
211.992188
212.109375
212.226563
212.343750
212.460938
212.578125
212.695313
212.812500
212.929688
213.046875
213.164063
213.281250
213.398438
213.515625
213.632813
213.750000
213.867188
213.984375
214.101563
214.218750
214.335938
214.453125
214.570313
214.687500
214.804688
214.921875
215.039063
215.156250
215.273438
215.390625
215.507813
215.625000
215.742188
215.859375
215.976563
216.093750
216.210938
216.328125
216.445313
216.562500
216.679688
216.796875
216.914063
217.031250
217.148438
217.265625
217.382813
217.500000
217.617188
217.734375
217.851563
217.968750
218.085938
218.203125
218.320313
218.437500
218.554688
218.671875
218.789063
218.906250
219.023438
219.140625
219.257813
219.375000
219.492188
219.609375
219.726563
219.843750
219.960938
220.078125
220.195313
220.312500
220.429688
220.546875
220.664063
220.781250
220.898438
221.015625
221.132813
221.250000
221.367188
221.484375
221.601563
221.718750
221.835938
221.953125
222.070313
222.187500
222.304688
222.421875
222.539063
222.656250
222.773438
222.890625
223.007813
223.125000
223.242188
223.359375
223.476563
223.593750
223.710938
223.828125
223.945313
224.062500
224.179688
224.296875
224.414063
224.531250
224.648438
224.765625
224.882813
225.000000
225.117188
225.234375
225.351563
225.468750
225.585938
225.703125
225.820313
225.937500
226.054688
226.171875
226.289063
226.406250
226.523438
226.640625
226.757813
226.875000
226.992188
227.109375
227.226563
227.343750
227.460938
227.578125
227.695313
227.812500
227.929688
228.046875
228.164063
228.281250
228.398438
228.515625
228.632813
228.750000
228.867188
228.984375
229.101563
229.218750
229.335938
229.453125
229.570313
229.687500
229.804688
229.921875
230.039063
230.156250
230.273438
230.390625
230.507813
230.625000
230.742188
230.859375
230.976563
231.093750
231.210938
231.328125
231.445313
231.562500
231.679688
231.796875
231.914063
232.031250
232.148438
232.265625
232.382813
232.500000
232.617188
232.734375
232.851563
232.968750
233.085938
233.203125
233.320313
233.437500
233.554688
233.671875
233.789063
233.906250
234.023438
234.140625
234.257813
234.375000
234.492188
234.609375
234.726563
234.843750
234.960938
235.078125
235.195313
235.312500
235.429688
235.546875
235.664063
235.781250
235.898438
236.015625
236.132813
236.250000
236.367188
236.484375
236.601563
236.718750
236.835938
236.953125
237.070313
237.187500
237.304688
237.421875
237.539063
237.656250
237.773438
237.890625
238.007813
238.125000
238.242188
238.359375
238.476563
238.593750
238.710938
238.828125
238.945313
239.062500
239.179688
239.296875
239.414063
239.531250
239.648438
239.765625
239.882813
240.000000
240.117188
240.234375
240.351563
240.468750
240.585938
240.703125
240.820313
240.937500
241.054688
241.171875
241.289063
241.406250
241.523438
241.640625
241.757813
241.875000
241.992188
242.109375
242.226563
242.343750
242.460938
242.578125
242.695313
242.812500
242.929688
243.046875
243.164063
243.281250
243.398438
243.515625
243.632813
243.750000
243.867188
243.984375
244.101563
244.218750
244.335938
244.453125
244.570313
244.687500
244.804688
244.921875
245.039063
245.156250
245.273438
245.390625
245.507813
245.625000
245.742188
245.859375
245.976563
246.093750
246.210938
246.328125
246.445313
246.562500
246.679688
246.796875
246.914063
247.031250
247.148438
247.265625
247.382813
247.500000
247.617188
247.734375
247.851563
247.968750
248.085938
248.203125
248.320313
248.437500
248.554688
248.671875
248.789063
248.906250
249.023438
249.140625
249.257813
249.375000
249.492188
249.609375
249.726563
249.843750
249.960938
250.078125
250.195313
250.312500
250.429688
250.546875
250.664063
250.781250
250.898438
251.015625
251.132813
251.250000
251.367188
251.484375
251.601563
251.718750
251.835938
251.953125
252.070313
252.187500
252.304688
252.421875
252.539063
252.656250
252.773438
252.890625
253.007813
253.125000
253.242188
253.359375
253.476563
253.593750
253.710938
253.828125
253.945313
254.062500
254.179688
254.296875
254.414063
254.531250
254.648438
254.765625
254.882813
255.000000
255.117188
255.234375
255.351563
255.468750
255.585938
255.703125
255.820313
255.937500
256.054688
256.171875
256.289063
256.406250
256.523438
256.640625
256.757813
256.875000
256.992188
257.109375
257.226563
257.343750
257.460938
257.578125
257.695313
257.812500
257.929688
258.046875
258.164063
258.281250
258.398438
258.515625
258.632813
258.750000
258.867188
258.984375
259.101563
259.218750
259.335938
259.453125
259.570313
259.687500
259.804688
259.921875
260.039063
260.156250
260.273438
260.390625
260.507813
260.625000
260.742188
260.859375
260.976563
261.093750
261.210938
261.328125
261.445313
261.562500
261.679688
261.796875
261.914063
262.031250
262.148438
262.265625
262.382813
262.500000
262.617188
262.734375
262.851563
262.968750
263.085938
263.203125
263.320313
263.437500
263.554688
263.671875
263.789063
263.906250
264.023438
264.140625
264.257813
264.375000
264.492188
264.609375
264.726563
264.843750
264.960938
265.078125
265.195313
265.312500
265.429688
265.546875
265.664063
265.781250
265.898438
266.015625
266.132813
266.250000
266.367188
266.484375
266.601563
266.718750
266.835938
266.953125
267.070313
267.187500
267.304688
267.421875
267.539063
267.656250
267.773438
267.890625
268.007813
268.125000
268.242188
268.359375
268.476563
268.593750
268.710938
268.828125
268.945313
269.062500
269.179688
269.296875
269.414063
269.531250
269.648438
269.765625
269.882813
270.000000
270.117188
270.234375
270.351563
270.468750
270.585938
270.703125
270.820313
270.937500
271.054688
271.171875
271.289063
271.406250
271.523438
271.640625
271.757813
271.875000
271.992188
272.109375
272.226563
272.343750
272.460938
272.578125
272.695313
272.812500
272.929688
273.046875
273.164063
273.281250
273.398438
273.515625
273.632813
273.750000
273.867188
273.984375
274.101563
274.218750
274.335938
274.453125
274.570313
274.687500
274.804688
274.921875
275.039063
275.156250
275.273438
275.390625
275.507813
275.625000
275.742188
275.859375
275.976563
276.093750
276.210938
276.328125
276.445313
276.562500
276.679688
276.796875
276.914063
277.031250
277.148438
277.265625
277.382813
277.500000
277.617188
277.734375
277.851563
277.968750
278.085938
278.203125
278.320313
278.437500
278.554688
278.671875
278.789063
278.906250
279.023438
279.140625
279.257813
279.375000
279.492188
279.609375
279.726563
279.843750
279.960938
280.078125
280.195313
280.312500
280.429688
280.546875
280.664063
280.781250
280.898438
281.015625
281.132813
281.250000
281.367188
281.484375
281.601563
281.718750
281.835938
281.953125
282.070313
282.187500
282.304688
282.421875
282.539063
282.656250
282.773438
282.890625
283.007813
283.125000
283.242188
283.359375
283.476563
283.593750
283.710938
283.828125
283.945313
284.062500
284.179688
284.296875
284.414063
284.531250
284.648438
284.765625
284.882813
285.000000
285.117188
285.234375
285.351563
285.468750
285.585938
285.703125
285.820313
285.937500
286.054688
286.171875
286.289063
286.406250
286.523438
286.640625
286.757813
286.875000
286.992188
287.109375
287.226563
287.343750
287.460938
287.578125
287.695313
287.812500
287.929688
288.046875
288.164063
288.281250
288.398438
288.515625
288.632813
288.750000
288.867188
288.984375
289.101563
289.218750
289.335938
289.453125
289.570313
289.687500
289.804688
289.921875
290.039063
290.156250
290.273438
290.390625
290.507813
290.625000
290.742188
290.859375
290.976563
291.093750
291.210938
291.328125
291.445313
291.562500
291.679688
291.796875
291.914063
292.031250
292.148438
292.265625
292.382813
292.500000
292.617188
292.734375
292.851563
292.968750
293.085938
293.203125
293.320313
293.437500
293.554688
293.671875
293.789063
293.906250
294.023438
294.140625
294.257813
294.375000
294.492188
294.609375
294.726563
294.843750
294.960938
295.078125
295.195313
295.312500
295.429688
295.546875
295.664063
295.781250
295.898438
296.015625
296.132813
296.250000
296.367188
296.484375
296.601563
296.718750
296.835938
296.953125
297.070313
297.187500
297.304688
297.421875
297.539063
297.656250
297.773438
297.890625
298.007813
298.125000
298.242188
298.359375
298.476563
298.593750
298.710938
298.828125
298.945313
299.062500
299.179688
299.296875
299.414063
299.531250
299.648438
299.765625
299.882813
300.000000
300.117188
300.234375
300.351563
300.468750
300.585938
300.703125
300.820313
300.937500
301.054688
301.171875
301.289063
301.406250
301.523438
301.640625
301.757813
301.875000
301.992188
302.109375
302.226563
302.343750
302.460938
302.578125
302.695313
302.812500
302.929688
303.046875
303.164063
303.281250
303.398438
303.515625
303.632813
303.750000
303.867188
303.984375
304.101563
304.218750
304.335938
304.453125
304.570313
304.687500
304.804688
304.921875
305.039063
305.156250
305.273438
305.390625
305.507813
305.625000
305.742188
305.859375
305.976563
306.093750
306.210938
306.328125
306.445313
306.562500
306.679688
306.796875
306.914063
307.031250
307.148438
307.265625
307.382813
307.500000
307.617188
307.734375
307.851563
307.968750
308.085938
308.203125
308.320313
308.437500
308.554688
308.671875
308.789063
308.906250
309.023438
309.140625
309.257813
309.375000
309.492188
309.609375
309.726563
309.843750
309.960938
310.078125
310.195313
310.312500
310.429688
310.546875
310.664063
310.781250
310.898438
311.015625
311.132813
311.250000
311.367188
311.484375
311.601563
311.718750
311.835938
311.953125
312.070313
312.187500
312.304688
312.421875
312.539063
312.656250
312.773438
312.890625
313.007813
313.125000
313.242188
313.359375
313.476563
313.593750
313.710938
313.828125
313.945313
314.062500
314.179688
314.296875
314.414063
314.531250
314.648438
314.765625
314.882813
315.000000
315.117188
315.234375
315.351563
315.468750
315.585938
315.703125
315.820313
315.937500
316.054688
316.171875
316.289063
316.406250
316.523438
316.640625
316.757813
316.875000
316.992188
317.109375
317.226563
317.343750
317.460938
317.578125
317.695313
317.812500
317.929688
318.046875
318.164063
318.281250
318.398438
318.515625
318.632813
318.750000
318.867188
318.984375
319.101563
319.218750
319.335938
319.453125
319.570313
319.687500
319.804688
319.921875
320.039063
320.156250
320.273438
320.390625
320.507813
320.625000
320.742188
320.859375
320.976563
321.093750
321.210938
321.328125
321.445313
321.562500
321.679688
321.796875
321.914063
322.031250
322.148438
322.265625
322.382813
322.500000
322.617188
322.734375
322.851563
322.968750
323.085938
323.203125
323.320313
323.437500
323.554688
323.671875
323.789063
323.906250
324.023438
324.140625
324.257813
324.375000
324.492188
324.609375
324.726563
324.843750
324.960938
325.078125
325.195313
325.312500
325.429688
325.546875
325.664063
325.781250
325.898438
326.015625
326.132813
326.250000
326.367188
326.484375
326.601563
326.718750
326.835938
326.953125
327.070313
327.187500
327.304688
327.421875
327.539063
327.656250
327.773438
327.890625
328.007813
328.125000
328.242188
328.359375
328.476563
328.593750
328.710938
328.828125
328.945313
329.062500
329.179688
329.296875
329.414063
329.531250
329.648438
329.765625
329.882813
330.000000
330.117188
330.234375
330.351563
330.468750
330.585938
330.703125
330.820313
330.937500
331.054688
331.171875
331.289063
331.406250
331.523438
331.640625
331.757813
331.875000
331.992188
332.109375
332.226563
332.343750
332.460938
332.578125
332.695313
332.812500
332.929688
333.046875
333.164063
333.281250
333.398438
333.515625
333.632813
333.750000
333.867188
333.984375
334.101563
334.218750
334.335938
334.453125
334.570313
334.687500
334.804688
334.921875
335.039063
335.156250
335.273438
335.390625
335.507813
335.625000
335.742188
335.859375
335.976563
336.093750
336.210938
336.328125
336.445313
336.562500
336.679688
336.796875
336.914063
337.031250
337.148438
337.265625
337.382813
337.500000
337.617188
337.734375
337.851563
337.968750
338.085938
338.203125
338.320313
338.437500
338.554688
338.671875
338.789063
338.906250
339.023438
339.140625
339.257813
339.375000
339.492188
339.609375
339.726563
339.843750
339.960938
340.078125
340.195313
340.312500
340.429688
340.546875
340.664063
340.781250
340.898438
341.015625
341.132813
341.250000
341.367188
341.484375
341.601563
341.718750
341.835938
341.953125
342.070313
342.187500
342.304688
342.421875
342.539063
342.656250
342.773438
342.890625
343.007813
343.125000
343.242188
343.359375
343.476563
343.593750
343.710938
343.828125
343.945313
344.062500
344.179688
344.296875
344.414063
344.531250
344.648438
344.765625
344.882813
345.000000
345.117188
345.234375
345.351563
345.468750
345.585938
345.703125
345.820313
345.937500
346.054688
346.171875
346.289063
346.406250
346.523438
346.640625
346.757813
346.875000
346.992188
347.109375
347.226563
347.343750
347.460938
347.578125
347.695313
347.812500
347.929688
348.046875
348.164063
348.281250
348.398438
348.515625
348.632813
348.750000
348.867188
348.984375
349.101563
349.218750
349.335938
349.453125
349.570313
349.687500
349.804688
349.921875
350.039063
350.156250
350.273438
350.390625
350.507813
350.625000
350.742188
350.859375
350.976563
351.093750
351.210938
351.328125
351.445313
351.562500
351.679688
351.796875
351.914063
352.031250
352.148438
352.265625
352.382813
352.500000
352.617188
352.734375
352.851563
352.968750
353.085938
353.203125
353.320313
353.437500
353.554688
353.671875
353.789063
353.906250
354.023438
354.140625
354.257813
354.375000
354.492188
354.609375
354.726563
354.843750
354.960938
355.078125
355.195313
355.312500
355.429688
355.546875
355.664063
355.781250
355.898438
356.015625
356.132813
356.250000
356.367188
356.484375
356.601563
356.718750
356.835938
356.953125
357.070313
357.187500
357.304688
357.421875
357.539063
357.656250
357.773438
357.890625
358.007813
358.125000
358.242188
358.359375
358.476563
358.593750
358.710938
358.828125
358.945313
359.062500
359.179688
359.296875
359.414063
359.531250
359.648438
359.765625
359.882813
